310	16.83609
311	17.01725
312	17.19231
313	17.36127
314	17.52415
315	17.68094
316	17.83163
317	17.97623
318	18.11475
319	18.24717
320	18.3735
321	18.49373
322	18.60788
323	18.71593
324	18.8179
325	18.91377
326	19.00355
327	19.08724
328	19.16484
329	19.23634
330	19.30176
331	19.3859
332	19.43931
333	19.48053
334	19.53924
335	19.60859
336	19.66134
337	19.68534
338	19.68642
339	19.68041
340	19.67874
341	19.67401
342	19.65324
343	19.61797
344	19.57493
345	19.52338
346	19.461
347	19.38914
348	19.30725
349	19.21032
350	19.09729
351	18.97573
352	18.85379
353	18.73298
354	18.61199
355	18.49033
356	18.36599
357	18.23645
358	18.10254
359	17.96837
360	17.83821
361	17.71405
362	17.59637
363	17.48715
364	17.38945
365	17.30281
366	17.22414
367	17.15508
368	17.10155
369	17.06448
370	17.04039
371	17.02984
372	17.03513
373	17.0542
374	17.08545
375	17.13224
376	17.19682
377	17.27827
378	17.37693
379	17.49173
380	17.61755
381	17.75331
382	17.9026
383	18.06454
384	18.23626
385	18.41984
386	18.61533
387	18.81618
388	19.01801
389	19.22466
390	19.44323
391	19.67467
392	19.91165
393	20.14712
394	20.38055
395	20.61362
396	20.84598
397	21.07863
398	21.31682
399	21.56543
400	21.82328
401	22.08584
402	22.35034
403	22.61579
404	22.88107
405	23.14512
406	23.40813
407	23.6715
408	23.93833
409	24.21206
410	24.49118
411	24.76949
412	25.04384
413	25.31725
414	25.59253
415	25.86679
416	26.13698
417	26.40623
418	26.67911
419	26.95602
420	27.23559
421	27.51724
422	27.79868
423	28.0772
424	28.35411
425	28.62996
426	28.90156
427	29.16934
428	29.43469
429	29.69348
430	29.94209
431	30.18105
432	30.41222
433	30.63962
434	30.86897
435	31.10273
436	31.33885
437	31.57487
438	31.81095
439	32.04698
440	32.28109
441	32.51299
442	32.74017
443	32.95784
444	33.1714
445	33.39351
446	33.62532
447	33.85827
448	34.09175
449	34.3294
450	34.56405
451	34.78632
452	35.0012
453	35.21991
454	35.44388
455	35.67023
456	35.90086
457	36.13737
458	36.37762
459	36.6196
460	36.85874
461	37.08677
462	37.3001
463	37.5034
464	37.70544
465	37.91195
466	38.12206
467	38.33043
468	38.52989
469	38.71817
470	38.90165
471	39.08715
472	39.27802
473	39.47519
474	39.67356
475	39.86513
476	40.04924
477	40.23198
478	40.41281
479	40.58175
480	40.74059
481	40.91185
482	41.09415
483	41.27638
484	41.46078
485	41.64838
486	41.82949
487	42.00122
488	42.17164
489	42.34218
490	42.5054
491	42.66143
492	42.82139
493	42.99035
494	43.16012
495	43.32389
496	43.48426
497	43.64498
498	43.80165
499	43.9455
500	44.07759
501	44.2112
502	44.35556
503	44.50793
504	44.66361
505	44.82001
506	44.97464
507	45.12668
508	45.2773
509	45.42965
510	45.58776
511	45.75246
512	45.91933
513	46.08147
514	46.23805
515	46.39769
516	46.56445
517	46.7299
518	46.88926
519	47.05289
520	47.23054
521	47.41345
522	47.58464
523	47.75824
524	47.94256
525	48.12241
526	48.29033
527	48.45337
528	48.6147
529	48.77065
530	48.9196
531	49.06465
532	49.21257
533	49.36866
534	49.52966
535	49.68941
536	49.8472
537	50.00308
538	50.15211
539	50.29327
540	50.43593
541	50.58462
542	50.73041
543	50.86745
544	51.00269
545	51.14478
546	51.29271
547	51.4394
548	51.58213
549	51.72235
550	51.85841
551	51.98699
552	52.11142
553	52.24218
554	52.38745
555	52.54304
556	52.69194
557	52.82314
558	52.94663
559	53.07409
560	53.20322
561	53.33705
562	53.48919
563	53.65462
564	53.80554
565	53.93177
566	54.05058
567	54.17324
568	54.29426
569	54.41022
570	54.52918
571	54.66084
572	54.8045
573	54.94995
574	55.08875
575	55.22205
576	55.3565
577	55.49489
578	55.63173
579	55.76055
580	55.88448
581	56.01471
582	56.15211
583	56.29288
584	56.43904
585	56.59114
586	56.73873
587	56.87177
588	56.99341
589	57.11069
590	57.22556
591	57.34087
592	57.46349
593	57.59493
594	57.72471
595	57.83992
596	57.93701
597	58.02575
598	58.12576
599	58.24847
600	58.38445
601	58.51735
602	58.63962
603	58.7509
604	58.85382
605	58.9541
606	59.05921
607	59.17311
608	59.29201
609	59.41154
610	59.53969
611	59.68683
612	59.84318
613	59.99092
614	60.12721
615	60.25763
616	60.38811
617	60.52356
618	60.65898
619	60.78789
620	60.92076
621	61.07236
622	61.23244
623	61.38375
624	61.52635
625	61.66734
626	61.80092
627	61.91954
628	62.03206
629	62.1505
630	62.2703
631	62.38028
632	62.48464
633	62.59647
634	62.71524
635	62.83341
636	62.95152
637	63.07282
638	63.19876
639	63.32678
640	63.4485
641	63.56155
642	63.67649
643	63.80384
644	63.93941
645	64.06975
646	64.19209
647	64.31338
648	64.43583
649	64.56043
650	64.68935
651	64.81384
652	64.91939
653	65.00803
654	65.0956
655	65.19178
656	65.29651
657	65.40315
658	65.50425
659	65.60356
660	65.71273
661	65.83188
662	65.94412
663	66.0391
664	66.12798
665	66.22152
666	66.31705
667	66.4145
668	66.51545
669	66.61027
670	66.69235
671	66.77525
672	66.88033
673	67.01052
674	67.14173
675	67.25331
676	67.36299
677	67.49986
678	67.6278
679	67.68969
680	67.72967
681	67.82696
682	67.99819
683	68.19054
684	68.3618
685	68.51003
686	68.65594
687	68.81484
688	68.97974
689	69.13709
690	69.28093
691	69.41381
692	69.54668
693	69.68781
694	69.82988
695	69.96043
696	70.07954
697	70.1974
698	70.32282
699	70.45699
700	70.59145
701	70.71455
702	70.82484
703	70.93332
704	71.04499
705	71.1494
706	71.23598
707	71.30228
708	71.35213
709	71.39885
710	71.45893
711	71.53609
712	71.61887
713	71.6933
714	71.75606
715	71.82062
716	71.89817
717	71.96562
718	71.99046
719	72.01776
720	72.13925
721	72.34687
722	72.54994
723	72.68213
724	72.76889
725	72.85968
726	72.96601
727	73.07202
728	73.16946
729	73.26805
730	73.36561
731	73.44581
732	73.51218
733	73.58088
734	73.6494
735	73.71047
736	73.77511
737	73.85554
738	73.94349
739	74.02184
740	74.08674
741	74.14726
742	74.20838
743	74.26179
744	74.29421
745	74.30683
746	74.32102
747	74.3602
748	74.42942
749	74.51412
750	74.60331
751	74.69974
752	74.80316
753	74.90813
754	75.01138
755	75.10543
756	75.18284
757	75.2519
758	75.33349
759	75.43953
760	75.56033
761	75.6713
762	75.74608
763	75.78196
764	75.80748
765	75.84153
766	75.87606
767	75.9088
768	75.94719
769	75.98232
770	75.99353
771	75.98367
772	75.98614
773	76.02268
774	76.07496
775	76.11784
776	76.15527
777	76.19816
778	76.2387
779	76.2697
780	76.29881
781	76.33065
782	76.36318
783	76.40077
784	76.44743
785	76.50102
786	76.56337
787	76.63547
788	76.7114
789	76.7893
790	76.86848
791	76.93748
792	76.99127
793	77.04153
794	77.08729
795	77.11475
796	77.13151
797	77.15896
798	77.20996
799	77.26943
800	77.27596
801	77.19708
802	77.07685
803	76.97297
804	76.91182
805	76.89432
806	76.91354
807	76.96219
808	77.02465
809	77.08474
810	77.15456
811	77.27145
812	77.44509
813	77.63278
814	77.79848
815	77.94633
816	78.09787
817	78.25968
818	78.4239
819	78.58978
820	78.75723
821	78.9157
822	79.06004
823	79.1915
824	79.31002
825	79.42262
826	79.54444
827	79.68244
828	79.82056
829	79.92839
830	79.99385
831	80.03514
832	80.06919
833	80.08458
834	80.06068
835	80.00383
836	79.9368
837	79.8619
838	79.76204
839	79.61417
840	79.40994
841	79.19721
842	79.03309
843	78.91811
844	78.82598
845	78.74493
846	78.66907
847	78.5865
848	78.48827
849	78.38428
850	78.31008
851	78.28475
852	78.26864
853	78.22066
854	78.16117
855	78.11738
856	78.08678
857	78.06106
858	78.03774
859	78.01757
860	78.00285
861	78.00246
862	78.03186
863	78.0993
864	78.21222
865	78.38056
866	78.59385
867	78.81709
868	79.02402
869	79.22256
870	79.43314
871	79.65339
872	79.86432
873	80.05978
874	80.2459
875	80.42228
876	80.58178
877	80.72344
878	80.85899
879	81.00478
880	81.1597
881	81.30266
882	81.41581
883	81.49236
884	81.53672
885	81.5552
886	81.55068
887	81.53197
888	81.51993
889	81.53909
890	81.59183
891	81.63903
892	81.64603
893	81.61309
894	81.53929
895	81.41999
896	81.27492
897	81.1371
898	81.02265
899	80.93069
900	80.8668
901	80.8472
902	80.87598
903	80.9396
904	81.02677
905	81.12443
906	81.2105
907	81.27369
908	81.32081
909	81.35469
910	81.36836
911	81.36205
912	81.34354
913	81.3172
914	81.28219
915	81.23888
916	81.19077
917	81.14322
918	81.10718
919	81.08509
920	81.05455
921	80.99427
922	80.91555
923	80.84681
924	80.80375
925	80.78113
926	80.7751
927	80.7893
928	80.81982
929	80.84909
930	80.85168
931	80.81605
932	80.75831
933	80.68636
934	80.60085
935	80.53468
936	80.52542
937	80.57227
938	80.644
939	80.71442
940	80.78963
941	80.88174
942	80.9649
943	81.00979
944	81.06037
945	81.17574
946	81.2903
947	81.28871
948	81.16141
949	80.98659
950	80.80595
951	80.61317
952	80.39938
953	80.16856
954	79.94392
955	79.75158
956	79.57647
957	79.38875
958	79.18859
959	78.98311
960	78.77683
961	78.5805
962	78.40543
963	78.2561
964	78.14133
965	78.08646
966	78.09695
967	78.13369
968	78.15508
969	78.14668
970	78.10966
971	78.04889
972	77.98073
973	77.92694
974	77.89813
975	77.89024
976	77.89746
977	77.92175
978	77.95518
979	77.97978
980	78.00179
981	78.035
982	78.06273
983	78.06644
984	78.05372
985	77.98827
986	77.78359
987	77.45668
988	77.12198
989	76.8325
990	76.54809
991	76.24412
992	75.93427
993	75.63233
994	75.33649
995	75.01992
996	74.65152
997	74.24851
998	73.85104
999	73.47112
1000	73.10896
1001	72.76242
1002	72.42144
1003	72.07568
1004	71.72803
1005	71.37763
1006	70.98477
1007	70.51055
1008	69.96783
1009	69.38968
1010	68.7979
1011	68.20913
1012	67.63686
1013	67.07759
1014	66.51629
1015	65.94593
1016	65.37347
1017	64.80292
1018	64.21848
1019	63.6049
1020	62.97033
1021	62.31926
1022	61.6351
1023	60.91134
1024	60.16688
1025	59.41468
1026	58.64969
1027	57.87364
1028	57.09721
1029	56.32271
1030	55.54615
1031	54.76662
1032	53.98724
1033	53.2095
1034	52.42689
1035	51.63388
1036	50.83707
1037	50.04404
1038	49.24865
1039	48.44186
1040	47.62419
1041	46.79766
1042	45.96109
1043	45.11817
1044	44.27782
1045	43.43778
1046	42.5824
1047	41.70855
1048	40.83116
1049	39.9607
1050	39.09586
1051	38.27497
1052	37.45631
1053	36.63988
1054	35.82567
1055	35.01369
1056	34.20394
1057	33.39641
1058	32.59111
1059	31.78804
1060	30.9872
1061	30.18858
1062	29.39219
1063	28.59802
1064	27.80609
1065	27.01637
1066	26.22889
1067	25.44363
1068	24.6606
1069	23.8798
1070	23.10123
